====== Simulation setting ======
N_sim = 500, N_subgrp = 10, N_arm = 1
sample size = { 35, 35, 35, 35, 35, 35, 35, 70, 70, 70 }
Theta = { 0, 0, 0, 0, 0, 0, 0, 0.65, 0.65, 0.65 }
Hyperparameters:
List of 8
 $ c_beta   : num 0
 $ p_beta   : num 2
 $ a_cell   : num 5
 $ b_cell   : num 6
 $ a_between: num 4
 $ b_between: num 4
 $ a_within : num 70
 $ b_within : num 0.71

 ====== Results ======
RMSE:
      [,1]  [,2]  [,3]  [,4]  [,5]  [,6]  [,7]  [,8] [,9] [,10]
[1,] 0.109 0.117 0.114 0.109 0.116 0.111 0.107 0.109 0.11 0.112
Mean Abs Error:
     [,1]  [,2]  [,3]  [,4]  [,5]  [,6]  [,7]  [,8]  [,9] [,10]
[1,] 0.08 0.086 0.083 0.081 0.081 0.082 0.079 0.083 0.084 0.089
VAR of posterior median:
      [,1]  [,2]  [,3]  [,4]  [,5]  [,6]  [,7]  [,8]  [,9] [,10]
[1,] 0.011 0.013 0.012 0.011 0.013 0.012 0.011 0.011 0.011 0.011
Coclustering Probability:
[[1]]
      [,1]  [,2]  [,3]  [,4]  [,5]  [,6]  [,7]  [,8]  [,9] [,10]
 [1,]    1 0.818 0.819 0.823 0.817 0.815 0.820 0.129 0.126 0.177
 [2,]   NA 1.000 0.815 0.821 0.814 0.813 0.822 0.130 0.127 0.179
 [3,]   NA    NA 1.000 0.817 0.814 0.818 0.827 0.130 0.127 0.178
 [4,]   NA    NA    NA 1.000 0.817 0.818 0.825 0.124 0.121 0.174
 [5,]   NA    NA    NA    NA 1.000 0.813 0.817 0.135 0.132 0.182
 [6,]   NA    NA    NA    NA    NA 1.000 0.818 0.128 0.125 0.177
 [7,]   NA    NA    NA    NA    NA    NA 1.000 0.122 0.118 0.172
 [8,]   NA    NA    NA    NA    NA    NA    NA 1.000 0.894 0.833
 [9,]   NA    NA    NA    NA    NA    NA    NA    NA 1.000 0.842
[10,]   NA    NA    NA    NA    NA    NA    NA    NA    NA 1.000

