====== Simulation setting ======
N_sim = 500, N_subgrp = 10, N_arm = 1
sample size = { 35, 35, 35, 35, 35, 35, 35, 35, 35, 35 }
Theta = { 0, 0, 0, 0, 0, 0, 0, 0.65, 0.65, 1.3 }
Hyperparameters:
List of 8
 $ c_beta   : num 0
 $ p_beta   : num 2
 $ a_cell   : num 5
 $ b_cell   : num 6
 $ a_between: num 4
 $ b_between: num 4
 $ a_within : num 70
 $ b_within : num 0.71

 ====== Results ======
RMSE:
      [,1]  [,2]  [,3]  [,4]  [,5]  [,6]  [,7]  [,8]  [,9] [,10]
[1,] 0.098 0.093 0.092 0.098 0.099 0.098 0.102 0.245 0.253  0.27
Mean Abs Error:
      [,1]  [,2]  [,3]  [,4]  [,5]  [,6]  [,7]  [,8]  [,9] [,10]
[1,] 0.076 0.073 0.074 0.075 0.077 0.075 0.076 0.207 0.212 0.236
VAR of posterior median:
      [,1]  [,2]  [,3]  [,4]  [,5]  [,6] [,7] [,8]  [,9] [,10]
[1,] 0.009 0.008 0.008 0.009 0.009 0.009 0.01 0.06 0.064 0.029
Coclustering Probability:
[[1]]
      [,1]  [,2]  [,3]  [,4]  [,5]  [,6]  [,7]  [,8]  [,9] [,10]
 [1,]    1 0.856 0.858 0.854 0.858 0.853 0.853 0.220 0.221 0.030
 [2,]   NA 1.000 0.857 0.855 0.855 0.857 0.856 0.219 0.220 0.029
 [3,]   NA    NA 1.000 0.856 0.857 0.858 0.855 0.215 0.217 0.027
 [4,]   NA    NA    NA 1.000 0.852 0.849 0.851 0.219 0.221 0.030
 [5,]   NA    NA    NA    NA 1.000 0.855 0.853 0.218 0.219 0.028
 [6,]   NA    NA    NA    NA    NA 1.000 0.853 0.222 0.224 0.029
 [7,]   NA    NA    NA    NA    NA    NA 1.000 0.219 0.219 0.029
 [8,]   NA    NA    NA    NA    NA    NA    NA 1.000 0.677 0.593
 [9,]   NA    NA    NA    NA    NA    NA    NA    NA 1.000 0.592
[10,]   NA    NA    NA    NA    NA    NA    NA    NA    NA 1.000

