====== Simulation setting ======
N_sim = 500, N_subgrp = 10, N_arm = 1
sample size = { 35, 35, 35, 35, 35, 35, 35, 70, 70, 84 }
Theta = { 0, 0, 0, 0, 0, 0, 0, 0.65, 0.65, 1.3 }
Hyperparameters:
List of 8
 $ c_beta   : num 0
 $ p_beta   : num 2
 $ a_cell   : num 5
 $ b_cell   : num 6
 $ a_between: num 4
 $ b_between: num 4
 $ a_within : num 70
 $ b_within : num 0.71

 ====== Results ======
RMSE:
      [,1]  [,2] [,3]  [,4]  [,5]  [,6]  [,7]  [,8]  [,9] [,10]
[1,] 0.103 0.097  0.1 0.103 0.098 0.109 0.107 0.148 0.151 0.177
Mean Abs Error:
      [,1]  [,2]  [,3]  [,4]  [,5]  [,6] [,7]  [,8]  [,9] [,10]
[1,] 0.075 0.074 0.075 0.076 0.074 0.077 0.08 0.121 0.122  0.15
VAR of posterior median:
     [,1]  [,2] [,3] [,4]  [,5]  [,6]  [,7] [,8]  [,9] [,10]
[1,] 0.01 0.009 0.01 0.01 0.009 0.012 0.011 0.02 0.021 0.016
Coclustering Probability:
[[1]]
      [,1]  [,2]  [,3]  [,4]  [,5]  [,6]  [,7]  [,8]  [,9] [,10]
 [1,]    1 0.835 0.839 0.838 0.834 0.836 0.830 0.106 0.104 0.010
 [2,]   NA 1.000 0.839 0.842 0.835 0.835 0.832 0.105 0.102 0.007
 [3,]   NA    NA 1.000 0.838 0.836 0.839 0.836 0.103 0.101 0.006
 [4,]   NA    NA    NA 1.000 0.836 0.836 0.832 0.105 0.104 0.009
 [5,]   NA    NA    NA    NA 1.000 0.837 0.830 0.107 0.104 0.009
 [6,]   NA    NA    NA    NA    NA 1.000 0.830 0.105 0.102 0.010
 [7,]   NA    NA    NA    NA    NA    NA 1.000 0.108 0.105 0.010
 [8,]   NA    NA    NA    NA    NA    NA    NA 1.000 0.815 0.505
 [9,]   NA    NA    NA    NA    NA    NA    NA    NA 1.000 0.507
[10,]   NA    NA    NA    NA    NA    NA    NA    NA    NA 1.000

