====== Simulation setting ======
N_sim = 500, N_subgrp = 10, N_arm = 1
sample size = { 35, 35, 35, 35, 35, 35, 35, 35, 35, 35 }
Theta = { 0, 0, 0, 0, 0, 0.65, 0.65, 0.65, 0.65, 0.65 }
Hyperparameters:
List of 8
 $ c_beta   : num 0
 $ p_beta   : num 2
 $ a_cell   : num 5
 $ b_cell   : num 6
 $ a_between: num 4
 $ b_between: num 4
 $ a_within : num 70
 $ b_within : num 0.71

 ====== Results ======
RMSE:
      [,1]  [,2]  [,3]  [,4] [,5]  [,6]  [,7]  [,8]  [,9] [,10]
[1,] 0.143 0.134 0.133 0.143 0.14 0.144 0.151 0.142 0.146 0.139
Mean Abs Error:
      [,1]  [,2]  [,3]  [,4]  [,5]  [,6]  [,7]  [,8]  [,9] [,10]
[1,] 0.109 0.099 0.102 0.108 0.109 0.108 0.111 0.104 0.107 0.109
VAR of posterior median:
      [,1]  [,2]  [,3]  [,4]  [,5]  [,6] [,7]  [,8] [,9] [,10]
[1,] 0.018 0.015 0.016 0.018 0.017 0.019 0.02 0.019 0.02 0.015
Coclustering Probability:
[[1]]
      [,1]  [,2]  [,3]  [,4]  [,5]  [,6]  [,7]  [,8]  [,9] [,10]
 [1,]    1 0.811 0.818 0.810 0.813 0.218 0.223 0.210 0.206 0.259
 [2,]   NA 1.000 0.815 0.811 0.809 0.215 0.220 0.207 0.203 0.258
 [3,]   NA    NA 1.000 0.815 0.814 0.208 0.215 0.202 0.197 0.253
 [4,]   NA    NA    NA 1.000 0.808 0.216 0.220 0.209 0.205 0.259
 [5,]   NA    NA    NA    NA 1.000 0.214 0.219 0.206 0.202 0.258
 [6,]   NA    NA    NA    NA    NA 1.000 0.781 0.790 0.790 0.720
 [7,]   NA    NA    NA    NA    NA    NA 1.000 0.783 0.790 0.718
 [8,]   NA    NA    NA    NA    NA    NA    NA 1.000 0.789 0.727
 [9,]   NA    NA    NA    NA    NA    NA    NA    NA 1.000 0.750
[10,]   NA    NA    NA    NA    NA    NA    NA    NA    NA 1.000

