====== Simulation setting ======
N_sim = 500, N_subgrp = 10, N_arm = 1
sample size = { 35, 35, 35, 35, 35, 35, 35, 35, 35, 35 }
Theta = { 0, 0, 0, 0, 0.65, 0.65, 0.65, 1.3, 1.3, 1.3 }
Hyperparameters:
List of 8
 $ c_beta   : num 0
 $ p_beta   : num 2
 $ a_cell   : num 5
 $ b_cell   : num 6
 $ a_between: num 4
 $ b_between: num 4
 $ a_within : num 70
 $ b_within : num 0.71

 ====== Results ======
RMSE:
      [,1] [,2]  [,3]  [,4]  [,5]  [,6]  [,7]  [,8]  [,9] [,10]
[1,] 0.135 0.13 0.129 0.138 0.229 0.228 0.234 0.154 0.157 0.153
Mean Abs Error:
      [,1]  [,2]  [,3]  [,4]  [,5]  [,6]  [,7]  [,8]  [,9] [,10]
[1,] 0.105 0.098 0.102 0.108 0.192 0.191 0.193 0.122 0.127 0.123
VAR of posterior median:
      [,1]  [,2]  [,3]  [,4]  [,5]  [,6]  [,7]  [,8] [,9] [,10]
[1,] 0.016 0.014 0.015 0.017 0.052 0.052 0.055 0.019 0.02 0.018
Coclustering Probability:
[[1]]
      [,1]  [,2]  [,3]  [,4]  [,5]  [,6]  [,7]  [,8]  [,9] [,10]
 [1,]    1 0.845 0.853 0.844 0.250 0.254 0.259 0.004 0.003 0.013
 [2,]   NA 1.000 0.847 0.844 0.252 0.253 0.259 0.003 0.002 0.013
 [3,]   NA    NA 1.000 0.847 0.246 0.247 0.254 0.002 0.002 0.012
 [4,]   NA    NA    NA 1.000 0.251 0.255 0.259 0.002 0.002 0.013
 [5,]   NA    NA    NA    NA 1.000 0.670 0.667 0.287 0.283 0.311
 [6,]   NA    NA    NA    NA    NA 1.000 0.664 0.286 0.283 0.310
 [7,]   NA    NA    NA    NA    NA    NA 1.000 0.283 0.279 0.308
 [8,]   NA    NA    NA    NA    NA    NA    NA 1.000 0.846 0.802
 [9,]   NA    NA    NA    NA    NA    NA    NA    NA 1.000 0.822
[10,]   NA    NA    NA    NA    NA    NA    NA    NA    NA 1.000

