====== Simulation setting ======
N_sim = 500, N_subgrp = 10, N_arm = 1
sample size = { 42, 42, 42, 42, 84, 84, 84, 56, 56, 56 }
Theta = { 0, 0, 0, 0, 0.65, 0.65, 0.65, 1.3, 1.3, 1.3 }
Hyperparameters:
List of 8
 $ c_beta   : num 0
 $ p_beta   : num 2
 $ a_cell   : num 5
 $ b_cell   : num 6
 $ a_between: num 4
 $ b_between: num 4
 $ a_within : num 70
 $ b_within : num 0.71

 ====== Results ======
RMSE:
      [,1]  [,2] [,3]  [,4]  [,5]  [,6]  [,7]  [,8]  [,9] [,10]
[1,] 0.121 0.114 0.12 0.117 0.103 0.106 0.108 0.112 0.111 0.119
Mean Abs Error:
     [,1]  [,2]  [,3]  [,4]  [,5]  [,6]  [,7]  [,8]  [,9] [,10]
[1,] 0.09 0.084 0.089 0.087 0.081 0.082 0.084 0.085 0.084  0.09
VAR of posterior median:
      [,1]  [,2]  [,3]  [,4]  [,5]  [,6]  [,7]  [,8]  [,9] [,10]
[1,] 0.014 0.013 0.014 0.013 0.011 0.011 0.012 0.012 0.012 0.012
Coclustering Probability:
[[1]]
      [,1]  [,2]  [,3]  [,4]  [,5]  [,6]  [,7]  [,8]  [,9] [,10]
 [1,]    1 0.848 0.846 0.848 0.097 0.100 0.098 0.001 0.000 0.005
 [2,]   NA 1.000 0.850 0.844 0.097 0.100 0.098 0.000 0.000 0.004
 [3,]   NA    NA 1.000 0.847 0.097 0.101 0.098 0.001 0.001 0.006
 [4,]   NA    NA    NA 1.000 0.095 0.097 0.097 0.001 0.001 0.004
 [5,]   NA    NA    NA    NA 1.000 0.849 0.847 0.105 0.098 0.157
 [6,]   NA    NA    NA    NA    NA 1.000 0.845 0.102 0.095 0.155
 [7,]   NA    NA    NA    NA    NA    NA 1.000 0.107 0.101 0.160
 [8,]   NA    NA    NA    NA    NA    NA    NA 1.000 0.882 0.818
 [9,]   NA    NA    NA    NA    NA    NA    NA    NA 1.000 0.832
[10,]   NA    NA    NA    NA    NA    NA    NA    NA    NA 1.000

