====== Simulation setting ======
N_sim = 500, N_subgrp = 10, N_arm = 1
sample size = { 35, 35, 35, 35, 35, 35, 35, 35, 35, 35 }
Theta = { 0, 0, 0, 0, 0, 0, 0, 0.65, 0.65, 0.65 }
Hyperparameters:
List of 8
 $ c_beta   : num 0
 $ p_beta   : num 2
 $ a_cell   : num 5
 $ b_cell   : num 6
 $ a_between: num 4
 $ b_between: num 4
 $ a_within : num 70
 $ b_within : num 0.71

 ====== Results ======
RMSE:
      [,1]  [,2]  [,3]  [,4]  [,5]  [,6]  [,7]  [,8]  [,9] [,10]
[1,] 0.113 0.108 0.106 0.117 0.113 0.114 0.115 0.192 0.196 0.187
Mean Abs Error:
      [,1]  [,2]  [,3]  [,4]  [,5]  [,6]  [,7] [,8]  [,9] [,10]
[1,] 0.088 0.084 0.085 0.089 0.089 0.088 0.088 0.15 0.153  0.15
VAR of posterior median:
      [,1] [,2] [,3]  [,4]  [,5]  [,6]  [,7] [,8]  [,9] [,10]
[1,] 0.012 0.01 0.01 0.012 0.011 0.011 0.012 0.03 0.032 0.025
Coclustering Probability:
[[1]]
      [,1]  [,2]  [,3]  [,4]  [,5]  [,6]  [,7]  [,8]  [,9] [,10]
 [1,]    1 0.829 0.832 0.826 0.831 0.825 0.826 0.269 0.265 0.315
 [2,]   NA 1.000 0.829 0.826 0.826 0.828 0.829 0.267 0.263 0.315
 [3,]   NA    NA 1.000 0.827 0.828 0.830 0.828 0.264 0.259 0.311
 [4,]   NA    NA    NA 1.000 0.822 0.819 0.823 0.271 0.267 0.317
 [5,]   NA    NA    NA    NA 1.000 0.825 0.824 0.268 0.264 0.315
 [6,]   NA    NA    NA    NA    NA 1.000 0.824 0.273 0.269 0.320
 [7,]   NA    NA    NA    NA    NA    NA 1.000 0.268 0.263 0.316
 [8,]   NA    NA    NA    NA    NA    NA    NA 1.000 0.807 0.751
 [9,]   NA    NA    NA    NA    NA    NA    NA    NA 1.000 0.774
[10,]   NA    NA    NA    NA    NA    NA    NA    NA    NA 1.000

