====== Simulation setting ======
N_sim = 500, N_subgrp = 10, N_arm = 1
sample size = { 35, 35, 35, 35, 35, 35, 35, 35, 35, 35 }
Theta = { 0, 0, 0, 0, 0, 0, 0, 1.3, 1.3, 1.3 }
Hyperparameters:
List of 8
 $ c_beta   : num 0
 $ p_beta   : num 2
 $ a_cell   : num 5
 $ b_cell   : num 6
 $ a_between: num 4
 $ b_between: num 4
 $ a_within : num 70
 $ b_within : num 0.71

 ====== Results ======
RMSE:
     [,1]  [,2]  [,3]  [,4]  [,5]  [,6]  [,7] [,8]  [,9] [,10]
[1,] 0.08 0.073 0.077 0.079 0.079 0.076 0.081  0.1 0.105 0.107
Mean Abs Error:
      [,1]  [,2]  [,3]  [,4]  [,5]  [,6]  [,7]  [,8]  [,9] [,10]
[1,] 0.063 0.059 0.063 0.062 0.063 0.061 0.062 0.079 0.083 0.084
VAR of posterior median:
      [,1]  [,2]  [,3]  [,4]  [,5]  [,6]  [,7] [,8]  [,9] [,10]
[1,] 0.006 0.005 0.006 0.006 0.006 0.006 0.007 0.01 0.011 0.011
Coclustering Probability:
[[1]]
      [,1]  [,2]  [,3]  [,4]  [,5]  [,6]  [,7]  [,8]  [,9] [,10]
 [1,]    1 0.916 0.917 0.916 0.917 0.915 0.914 0.001 0.001 0.007
 [2,]   NA 1.000 0.916 0.916 0.915 0.917 0.916 0.001 0.000 0.007
 [3,]   NA    NA 1.000 0.916 0.916 0.917 0.914 0.000 0.000 0.007
 [4,]   NA    NA    NA 1.000 0.914 0.914 0.914 0.000 0.000 0.007
 [5,]   NA    NA    NA    NA 1.000 0.916 0.914 0.000 0.000 0.007
 [6,]   NA    NA    NA    NA    NA 1.000 0.915 0.000 0.000 0.007
 [7,]   NA    NA    NA    NA    NA    NA 1.000 0.001 0.000 0.007
 [8,]   NA    NA    NA    NA    NA    NA    NA 1.000 0.954 0.939
 [9,]   NA    NA    NA    NA    NA    NA    NA    NA 1.000 0.946
[10,]   NA    NA    NA    NA    NA    NA    NA    NA    NA 1.000

