====== Simulation setting ======
N_sim = 500, N_subgrp = 10, N_arm = 1
sample size = { 35, 35, 35, 35, 35, 35, 35, 35, 35, 35 }
Theta = { 0, 0, 0, 0, 0, 0, 0, 0, 0, 0 }
Hyperparameters:
List of 8
 $ c_beta   : num 0
 $ p_beta   : num 2
 $ a_cell   : num 5
 $ b_cell   : num 6
 $ a_between: num 4
 $ b_between: num 4
 $ a_within : num 70
 $ b_within : num 0.71

 ====== Results ======
RMSE:
     [,1]  [,2]  [,3]  [,4] [,5]  [,6] [,7]  [,8]  [,9] [,10]
[1,] 0.07 0.066 0.069 0.071 0.07 0.068 0.07 0.068 0.071 0.067
Mean Abs Error:
      [,1]  [,2]  [,3]  [,4]  [,5]  [,6]  [,7]  [,8]  [,9] [,10]
[1,] 0.056 0.052 0.057 0.055 0.056 0.054 0.055 0.054 0.056 0.054
VAR of posterior median:
      [,1]  [,2]  [,3]  [,4]  [,5]  [,6]  [,7]  [,8]  [,9] [,10]
[1,] 0.005 0.004 0.005 0.005 0.005 0.005 0.005 0.005 0.005 0.005
Coclustering Probability:
[[1]]
      [,1]  [,2]  [,3]  [,4]  [,5]  [,6]  [,7]  [,8]  [,9] [,10]
 [1,]    1 0.929 0.930 0.929 0.930 0.928 0.927 0.927 0.928 0.912
 [2,]   NA 1.000 0.928 0.928 0.928 0.929 0.928 0.928 0.930 0.913
 [3,]   NA    NA 1.000 0.928 0.928 0.929 0.927 0.929 0.928 0.913
 [4,]   NA    NA    NA 1.000 0.927 0.927 0.927 0.928 0.928 0.913
 [5,]   NA    NA    NA    NA 1.000 0.928 0.927 0.928 0.927 0.913
 [6,]   NA    NA    NA    NA    NA 1.000 0.928 0.929 0.926 0.914
 [7,]   NA    NA    NA    NA    NA    NA 1.000 0.927 0.926 0.915
 [8,]   NA    NA    NA    NA    NA    NA    NA 1.000 0.926 0.917
 [9,]   NA    NA    NA    NA    NA    NA    NA    NA 1.000 0.925
[10,]   NA    NA    NA    NA    NA    NA    NA    NA    NA 1.000

